function [b,kg,c1,c2,ko,c3,c4,V] = params()
b=3.45; kg=10; c1=1; c2=1;
ko=300; c3=4.5; c4=0.6;
V=3.1119437730616886;


% V=3.1119437730616886;
% b=3.8058; kg=9.9112; c1=0.24473; c2=0.40452;
% ko=297.9369; c3=8.0545; c4=0.99132;